tree
version=v4
num_class=1
num_tree_per_iteration=1
label_index=0
max_feature_idx=42
objective=binary sigmoid:1
feature_names=prior_visits prior_purchases prior_buy_rate prior_qty prior_avg_qty_per_purchase recency_days buy_rate_with_promo buy_rate_no_promo promo_uplift any_promo_today pct_brands_on_promo min_rel_price_today loyal_brand_id loyal_brand_on_promo loyal_brand_rel_price ultima_marca_comprada ultima_cantidad_comprada edad ingreso_anual genero estado_civil nivel_educacion ocupacion loyalty_b1 loyalty_b2 loyalty_b3 loyalty_b4 loyalty_b5 rel_price_b1 rel_price_b2 rel_price_b3 rel_price_b4 rel_price_b5 precio_marca_1 precio_marca_2 precio_marca_3 precio_marca_4 precio_marca_5 promo_marca_1 promo_marca_2 promo_marca_3 promo_marca_4 promo_marca_5
feature_infos=[0:282] [0:259] [0:1] [0:525] [0:11] [-1:345] [0:1] [0:1] [-1:1] [0:1] [0:0.59999999999999998] [-0.29783113865220756:0.022299541356950892] -1:2:5:4:0:1:3 [0:1] [-0.29783113865220756:0.070818984877975666] -1:0:5:2:4:1:3 [0:1] [18:75] [38247:309364] -1:0:1 -1:0:1 -1:1:2:0:3 -1:1:0:2 [0:1] [0:1] [0:1] [0:1] [0:1] [-0.21662765808477857:0.070818984877975666] [-0.29783113865220756:0.0672848510106272] [-0.05344886753603284:0.042121511733489436] [-0.1675153144304582:0.059833178869323378] [-0.19163677861102069:0.031513071094142253] [1.1000000000000001:1.5900000000000001] [1.26:1.8999999999999999] [1.8700000000000001:2.0699999999999998] [1.76:2.2599999999999998] [2.1099999999999999:2.71] [0:1] [0:1] [0:1] [0:1] [0:1]
tree_sizes=3080 2801

Tree=0
num_leaves=28
num_cat=1
split_feature=2 7 2 2 3 5 5 14 14 2 27 14 5 0 38 5 26 2 25 14 3 12 13 27 31 1 1
split_gain=4498.98 676.554 656.324 159.708 151.644 104.816 92.2775 74.3144 64.2236 60.5534 50.064 49.8453 46.686 42.3597 38.4549 32.7104 34.2482 31.3736 28.3948 27.8067 24.2292 24.1592 22.532 21.2353 10.2463 9.39279 1.25413
threshold=0.37553418803418809 0.57321428571428579 0.21676706827309242 0.10501253132832082 121.50000000000001 21.500000000000004 30.500000000000004 -0.10495576323706778 -0.12718646871902264 0.52479508196721325 0.085144927536231887 -0.17397602467278292 24.500000000000004 69.500000000000014 1.0000000180025095e-35 6.5000000000000009 0.46247654784240161 0.66801075268817212 0.42261904761904767 -0.16636009664875714 39.500000000000007 0 1.0000000180025095e-35 0.030776515151515155 -0.067302350515441631 10.500000000000002 62.500000000000007
decision_type=2 2 2 2 2 2 2 2 2 2 2 2 2 2 2 2 2 2 2 2 2 1 2 2 2 2 2
left_child=2 9 3 14 17 11 8 23 -5 10 21 -4 -12 -13 24 -11 -17 20 -9 -16 -3 -2 -8 -7 -1 -19 -6
right_child=1 4 5 6 26 7 22 18 -10 15 12 13 -14 -15 19 16 -18 25 -20 -21 -22 -23 -24 -25 -26 -27 -28
leaf_value=-1.1486361406758545 -1.0568399297953073 -1.0235898075905301 -0.99849411295295476 -1.0759143706512839 -0.90002411512705238 -1.1004154326077349 -1.1663131606630086 -1.1441861167187539 -1.1323060935541451 -1.0372651285673569 -1.0108550679806321 -1.0931121006538598 -1.1061468949486859 -1.0472827421874933 -1.1000027874553679 -1.0205991901870817 -0.9142736738232039 -0.97686558726867512 -1.0774135990478497 -1.1590507582957312 -0.94793386188954831 -1.1157098552190461 -1.1356335051872573 -1.0168938793594693 -1.1786245304036269 -0.90184703490865459 -0.83184373110263032
leaf_weight=100.6767416447401 135.1040932238102 60.294388711452484 42.429384648799896 140.68690699338913 57.875169411301613 42.98766602575779 693.94375155866146 413.87259411811829 1112.0965029001236 61.038763880729675 295.1447546184063 837.79425302147865 39.637977764010429 152.96909728646278 49.500948756933212 43.359853610396385 60.66657629609108 38.149227425456047 41.312821894884109 830.72268891334534 97.69924096763134 65.132827311754227 216.05489288270473 40.568446725606918 1539.181756272912 136.77893735468388 137.33721873164177
leaf_count=541 726 324 228 756 311 231 3729 2224 5976 328 1586 4502 213 822 266 233 326 205 222 4464 525 350 1161 218 8271 735 738
internal_value=-1.11358 -0.975023 -1.14102 -1.15591 -0.907119 -1.09672 -1.13996 -1.12492 -1.12584 -1.02682 -1.04074 -1.08192 -1.02169 -1.08581 -1.16953 -0.983654 -0.955141 -0.94261 -1.13775 -1.15558 -0.97473 -1.07371 -1.15921 -1.05731 -1.17689 -0.915979 -0.849314
internal_weight=0 1228.22 6254.8 4682.86 528.134 1571.93 2162.78 538.742 1252.78 700.085 535.02 1033.19 334.783 990.763 2520.08 165.065 104.026 332.922 455.185 880.224 157.994 200.237 909.999 83.5561 1639.86 174.928 195.212
internal_count=40211 6600 33611 25164 2838 8447 11622 2895 6732 3762 2875 5552 1799 5324 13542 887 559 1789 2446 4730 849 1076 4890 449 8812 940 1049
cat_boundaries=0 1
cat_threshold=18
is_linear=0
shrinkage=1


Tree=1
num_leaves=25
num_cat=0
split_feature=6 6 7 7 5 6 5 14 7 7 14 14 1 27 7 24 27 35 27 24 8 7 4 3
split_gain=3422.18 635.789 471.646 175.465 159.672 90.822 98.7126 73.9579 64.3946 62.3344 57.5759 50.9251 41.852 39.8312 31.8656 31.4404 22.7802 22.5797 20.9479 18.1892 17.4981 14.8472 11.1534 2.83453
threshold=0.45534290271132377 0.25227272727272732 0.57321428571428579 0.23431372549019611 21.500000000000004 0.076197387518142243 40.500000000000007 -0.057674917059402579 0.36055555555555557 0.80625000000000013 0.043998071295506931 0.049742282785801291 7.5000000000000009 0.053342816500711245 0.15707236842105265 0.71130952380952395 0.070197044334975381 1.9750000000000003 0.030776515151515155 0.06186224489795919 -0.14285714285714279 0.28801843317972359 2.4767316017316019 121.50000000000001
decision_type=2 2 2 2 2 2 2 2 2 2 2 2 2 2 2 2 2 2 2 2 2 2 2 2
left_child=1 3 11 5 8 17 -7 18 10 20 -3 12 22 -10 -9 -14 19 -1 -6 -5 -4 -18 -2 -22
right_child=2 4 9 16 7 6 -8 14 13 -11 -12 -13 15 -15 -16 -17 21 -19 -20 -21 23 -23 -24 -25
leaf_value=-0.045204013315633972 0.066141428769716959 0.040705860612813227 0.094909725028117065 0.024145259728413301 0.0047430669834783602 -0.021216163568324353 -0.053023130924073299 -0.052824308441676335 0.018876486157454103 0.22162054177623908 -0.0047854461179282371 -0.0042209725038357959 0.10477335732299804 0.098490413277875485 -0.0099947224409682265 0.02434536345007917 0.0077606344278996651 -0.065300529660717213 0.074179203251499348 -0.022388932437270869 0.15038287460261135 0.055527287852155584 0.018464984289936488 0.19043631638257807
leaf_weight=676.51574279367924 80.928050637245178 608.13723960518837 41.67740760743618 82.852195173501968 56.45992112159729 1663.6225500553846 995.72651006281376 191.29478895664215 59.686058431863785 193.03807897865772 239.14621041715145 40.441392004489899 388.6792044788599 153.22150714695454 274.33947125077248 38.770155653357506 85.179884538054466 969.54309090971947 59.918770387768745 135.85623326897621 182.78644342720509 92.245618209242821 65.652651607990265 100.90334749221802
leaf_count=3730 427 3216 209 440 303 9064 5488 1046 316 927 1267 210 1991 790 1485 204 459 5370 313 732 903 487 348 486
internal_value=0 -0.0229048 0.126705 -0.0377552 0.0195356 -0.0424097 -0.0331971 -0.0136844 0.0378737 0.18258 0.0277467 0.0789786 0.0850362 0.0770596 -0.0279749 0.0978822 0.0125041 -0.0571703 0.0420636 -0.00418165 0.157961 0.0335524 0.0460554 0.166156
internal_weight=0 6343.75 1132.88 4701.54 1642.2 4305.41 2659.35 582.013 1060.19 518.405 847.283 614.471 574.03 212.908 465.634 427.449 396.134 1646.06 116.379 218.708 325.367 177.426 146.581 283.69
internal_count=40211 34506 5705 25770 8736 23652 14552 3147 5589 2525 4483 3180 2970 1106 2531 2195 2118 9100 616 1172 1598 946 775 1389
is_linear=0
shrinkage=0.079346


end of trees

feature_importances:
buy_rate_no_promo=7
loyal_brand_rel_price=7
recency_days=6
prior_buy_rate=5
loyalty_b5=5
prior_purchases=3
prior_qty=3
buy_rate_with_promo=3
loyalty_b2=2
prior_visits=1
prior_avg_qty_per_purchase=1
promo_uplift=1
loyal_brand_id=1
loyal_brand_on_promo=1
loyalty_b3=1
loyalty_b4=1
rel_price_b4=1
precio_marca_3=1
promo_marca_1=1

parameters:
[boosting: gbdt]
[objective: binary]
[metric: auc]
[tree_learner: serial]
[device_type: cpu]
[data_sample_strategy: bagging]
[data: ]
[valid: ]
[num_iterations: 2000]
[learning_rate: 0.079346]
[num_leaves: 31]
[num_threads: 0]
[seed: 0]
[deterministic: 0]
[force_col_wise: 0]
[force_row_wise: 0]
[histogram_pool_size: -1]
[max_depth: 5]
[min_data_in_leaf: 199]
[min_sum_hessian_in_leaf: 0.001]
[bagging_fraction: 0.950701]
[pos_bagging_fraction: 1]
[neg_bagging_fraction: 1]
[bagging_freq: 5]
[bagging_seed: 3]
[feature_fraction: 0.700276]
[feature_fraction_bynode: 1]
[feature_fraction_seed: 2]
[extra_trees: 0]
[extra_seed: 6]
[early_stopping_round: 0]
[first_metric_only: 0]
[max_delta_step: 0]
[lambda_l1: 1.45996]
[lambda_l2: 1.81626]
[linear_lambda: 0]
[min_gain_to_split: 0]
[drop_rate: 0.1]
[max_drop: 50]
[skip_drop: 0.5]
[xgboost_dart_mode: 0]
[uniform_drop: 0]
[drop_seed: 4]
[top_rate: 0.2]
[other_rate: 0.1]
[min_data_per_group: 100]
[max_cat_threshold: 32]
[cat_l2: 10]
[cat_smooth: 10]
[max_cat_to_onehot: 4]
[top_k: 20]
[monotone_constraints: ]
[monotone_constraints_method: basic]
[monotone_penalty: 0]
[feature_contri: ]
[forcedsplits_filename: ]
[refit_decay_rate: 0.9]
[cegb_tradeoff: 1]
[cegb_penalty_split: 0]
[cegb_penalty_feature_lazy: ]
[cegb_penalty_feature_coupled: ]
[path_smooth: 0]
[interaction_constraints: ]
[verbosity: -1]
[saved_feature_importance_type: 0]
[use_quantized_grad: 0]
[num_grad_quant_bins: 4]
[quant_train_renew_leaf: 0]
[stochastic_rounding: 1]
[linear_tree: 0]
[max_bin: 255]
[max_bin_by_feature: ]
[min_data_in_bin: 3]
[bin_construct_sample_cnt: 200000]
[data_random_seed: 1]
[is_enable_sparse: 1]
[enable_bundle: 1]
[use_missing: 1]
[zero_as_missing: 0]
[feature_pre_filter: 1]
[pre_partition: 0]
[two_round: 0]
[header: 0]
[label_column: ]
[weight_column: ]
[group_column: ]
[ignore_column: ]
[categorical_feature: 12,15,19,20,21,22]
[forcedbins_filename: ]
[precise_float_parser: 0]
[parser_config_file: ]
[objective_seed: 5]
[num_class: 1]
[is_unbalance: 0]
[scale_pos_weight: 1]
[sigmoid: 1]
[boost_from_average: 1]
[reg_sqrt: 0]
[alpha: 0.9]
[fair_c: 1]
[poisson_max_delta_step: 0.7]
[tweedie_variance_power: 1.5]
[lambdarank_truncation_level: 30]
[lambdarank_norm: 1]
[label_gain: ]
[lambdarank_position_bias_regularization: 0]
[eval_at: ]
[multi_error_top_k: 1]
[auc_mu_weights: ]
[num_machines: 1]
[local_listen_port: 12400]
[time_out: 120]
[machine_list_filename: ]
[machines: ]
[gpu_platform_id: -1]
[gpu_device_id: -1]
[gpu_use_dp: 0]
[num_gpu: 1]

end of parameters

pandas_categorical:[[0, 1, 2, 3, 4, 5], [0, 1, 2, 3, 4, 5], [0, 1], [0, 1], [0, 1, 2, 3], [0, 1, 2]]
